MAE: 0.900000
MAPE: 2.166600
RMSE: 1.195800
