mdape: 0.000000
mape: 5381079601608715264.000000
mae: 278009163961615360.000000
rmse: 1758754499845590272.000000
r2: -19444666809325542511710536705507328.000000
