mdape: 0.000000
mape: 0.000000
mae: 0.000000
rmse: 0.000000
r2: 1.000000
