mdape: 0.000000
mape: 8.333300
mae: 0.333300
rmse: 0.816500
r2: 0.454500
