mdape: 69.713600
mape: 2914102968235108864.000000
mae: 1247536707800963328.000000
rmse: 87486630732137742336.000000
